100
1
10
162
370
127
491
79
240
182
46
234
488
137
57
101
467
121
81
27
445
214
98
3
101
4
3
79
4
1
6
108
80
73
353
221
12
131
83
13
298
57
116
2
121
4
1
7
178
152
95
187
180
256
150
353
191
414
252
110
203
40
1
1
236
122
3
127
2
221
3
73
2
182
3
180
4
1
6
54
81
5
349
187
437
29
339
245
25
69
139
3
29
3
54
4
1
1
184
414
2
245
2
5
2
5
4
1
8
152
205
107
265
165
42
220
68
111
177
7
297
60
181
28
445
1
9
194
389
84
426
139
424
17
413
153
208
90
308
44
378
82
234
248
330
1
10
91
425
130
119
215
279
12
16
50
288
100
492
235
372
249
193
168
275
163
112
1
6
80
327
134
477
145
350
66
247
105
345
70
292
1
9
254
124
6
499
38
380
231
35
198
240
142
260
212
183
73
213
246
187
3
236
2
50
1
7
250
269
157
323
241
417
61
448
85
89
147
347
9
47
4
2
66
3
90
2
165
2
131
1
5
65
14
51
138
30
67
79
460
86
71
4
3
234
3
13
3
69
4
1
5
96
172
208
264
63
185
110
146
238
280
4
1
8
4
108
224
428
125
379
253
458
151
132
87
363
127
62
180
129
2
163
1
8
104
463
207
15
170
42
11
464
174
120
103
439
206
78
81
226
1
8
144
238
22
147
124
246
219
260
146
443
232
280
213
382
74
87
4
2
11
2
248
4
2
221
1
1
222
278
2
121
3
153
4
3
57
3
146
2
139
2
131
1
4
123
65
155
62
244
354
210
60
4
4
4
4
2
82
3
208
4
1
9
190
68
234
438
202
68
97
69
71
476
55
316
226
265
90
355
255
101
1
10
114
58
247
325
35
49
236
439
57
224
140
19
18
113
169
74
31
302
177
391
1
8
205
31
172
455
200
453
243
318
167
221
242
162
138
161
62
308
3
125
4
2
249
2
255
3
152
2
95
2
210
2
95
2
121
2
27
4
2
252
1
10
179
350
175
82
15
38
89
146
92
392
223
35
42
417
128
276
8
294
34
215
4
2
137
4
2
244
4
4
1
4
99
89
64
60
106
140
23
118
4
4
4
4
3
124
3
51
