100
1
2
72
28
195
225
1
7
230
92
16
190
147
129
56
346
41
389
71
245
27
385
4
4
1
8
154
97
47
361
94
300
146
494
204
321
173
208
65
314
144
247
1
4
107
182
78
404
252
222
68
150
4
3
204
3
154
4
2
27
4
3
78
4
4
4
3
252
4
3
146
3
41
1
6
203
230
218
141
12
76
75
136
33
358
55
170
1
7
90
222
176
255
4
175
61
27
85
53
208
12
139
445
4
4
2
16
4
4
2
56
4
1
6
249
414
162
216
138
320
156
398
246
448
161
56
1
1
163
166
4
1
3
42
283
243
83
41
224
3
162
4
4
4
3
55
1
6
178
60
13
493
183
375
167
292
103
455
157
183
1
10
198
57
241
11
145
22
189
344
196
69
15
335
112
308
83
418
92
50
224
95
1
1
109
462
1
10
214
417
234
150
87
93
179
200
66
181
26
276
117
463
232
326
146
493
140
445
2
145
1
4
18
370
129
152
244
326
193
11
1
8
206
60
228
421
19
279
34
116
23
68
254
136
53
223
89
337
2
230
4
3
129
1
6
165
423
14
194
77
160
124
354
62
415
32
346
4
3
19
4
3
103
1
9
29
54
30
69
122
90
43
239
233
276
39
319
67
9
149
437
222
313
1
8
186
114
40
330
255
133
223
229
175
103
141
260
37
369
212
485
2
87
3
224
4
3
243
3
43
4
1
10
96
158
220
66
38
386
158
98
111
291
95
50
136
117
153
144
207
264
76
175
4
3
149
3
196
1
6
31
122
100
435
19
14
238
308
142
478
127
211
3
75
1
5
154
65
133
373
60
413
28
197
239
62
3
176
4
2
39
2
33
3
30
3
66
4
1
5
35
318
51
282
235
474
215
315
81
10
3
26
4
1
6
227
225
226
433
250
235
99
465
21
239
20
314
4
3
16
2
158
4
2
92
1
9
74
466
70
323
9
191
177
302
120
439
126
464
252
484
236
229
75
406
1
4
105
344
58
221
106
250
5
376
4
4
3
244
4
1
5
129
345
64
235
194
205
11
230
48
217
1
10
24
438
119
440
187
333
201
46
168
433
49
87
22
435
149
200
1
229
46
56
4
1
6
57
335
205
149
216
227
150
81
180
449
131
393
2
235
3
65
3
193
4
1
1
30
436
3
147
